,centro,2017,2018,2019,media
0,CCM,3.738095238095238,3.105691056910569,2.2336448598130842,2.977707006369427
1,CCEN,1.9259259259259258,3.7666666666666666,1.8235294117647058,2.5636363636363635
2,CCHLA,2.778947368421053,3.13986013986014,1.3307692307692307,2.407608695652174
3,CT,2.256637168141593,2.1264367816091956,2.375,2.2463235294117645
4,CCTA,2.29126213592233,2.5294117647058822,1.8849557522123894,2.2232704402515724
5,CCJ,2.8,1.5909090909090908,1.8166666666666667,2.053763440860215
6,CCS,2.1878172588832485,2.090909090909091,1.6488549618320612,1.9635210150674067
7,CCAE,2.022222222222222,2.382608695652174,1.3333333333333333,1.9113924050632911
8,CCA,1.8874172185430464,2.066225165562914,1.644736842105263,1.8656387665198237
9,CBIOTEC,2.3333333333333335,2.2,1.1428571428571428,1.85
10,CCSA,1.9504950495049505,1.7843137254901962,1.6875,1.8326693227091633
11,CE,1.6712328767123288,2.5,1.3781512605042017,1.7421875
12,CI,1.6521739130434783,1.6666666666666667,1.3125,1.5425531914893618
13,CCHSA,1.7706422018348624,1.7559055118110236,0.5772357723577236,1.3565459610027855
14,CEAR,1.2222222222222223,0.8297872340425532,0.6666666666666666,0.888
15,CTDR,0.8734177215189873,0.7551020408163265,0.5185185185185185,0.7362637362637363
